0 0 0 0 0 0 0 0 0 0 0 0 0 0 0 0 0 0 0 0 0 0 0 0 0 0 0 0 0 0 0 0 0 0 0 0 0 0 0 0 1 0 0 0 0 0 0 0 0 0 0 0 0 0 0 0 0 0 0 0 0 0 0 0 0 0 0 0 0 0 0 0 0 0 0 0 0 0 0 0
0 0 0 0 0 0 0 0 0 0 0 0 0 0 0 0 0 0 0 0 0 0 0 0 0 0 0 0 0 0 0 0 0 0 0 0 0 0 0 0 0 1 0 0 0 0 0 0 0 0 0 0 0 0 0 0 0 0 0 0 0 0 0 0 0 0 0 0 0 0 0 0 0 0 0 0 0 0 0 0
0 0 0 0 0 0 0 0 0 0 0 0 0 0 0 0 0 0 0 0 0 0 0 0 0 0 0 0 0 0 0 0 0 0 0 0 0 0 0 0 0 0 1 0 0 0 0 0 0 0 0 0 0 0 0 0 0 0 0 0 0 0 0 0 0 0 0 0 0 0 0 0 0 0 0 0 0 0 0 0
0 0 0 0 0 0 0 0 0 0 0 0 0 0 0 0 0 0 0 0 0 0 0 0 0 0 0 0 0 0 0 0 0 0 0 0 0 0 0 0 0 0 0 1 0 0 0 0 0 0 0 0 0 0 0 0 0 0 0 0 0 0 0 0 0 0 0 0 0 0 0 0 0 0 0 0 0 0 0 0
0 0 0 0 0 0 0 0 0 0 0 0 0 0 0 0 0 0 0 0 0 0 0 0 0 0 0 0 0 0 0 0 0 0 0 0 0 0 0 0 0 0 0 0 1 0 0 0 0 0 0 0 0 0 0 0 0 0 0 0 0 0 0 0 0 0 0 0 0 0 0 0 0 0 0 0 0 0 0 0
0 0 0 0 0 0 0 0 0 0 0 0 0 0 0 0 0 0 0 0 0 0 0 0 0 0 0 0 0 0 0 0 0 0 0 0 0 0 0 0 0 0 0 0 0 1 0 0 0 0 0 0 0 0 0 0 0 0 0 0 0 0 0 0 0 0 0 0 0 0 0 0 0 0 0 0 0 0 0 0
0 0 0 0 0 0 0 0 0 0 0 0 0 0 0 0 0 0 0 0 0 0 0 0 0 0 0 0 0 0 0 0 0 0 0 0 0 0 0 0 0 0 0 0 0 0 1 0 0 0 0 0 0 0 0 0 0 0 0 0 0 0 0 0 0 0 0 0 0 0 0 0 0 0 0 0 0 0 0 0
0 0 0 0 0 0 0 0 0 0 0 0 0 0 0 0 0 0 0 0 0 0 0 0 0 0 0 0 0 0 0 0 0 0 0 0 0 0 0 0 0 0 0 0 0 0 0 1 0 0 0 0 0 0 0 0 0 0 0 0 0 0 0 0 0 0 0 0 0 0 0 0 0 0 0 0 0 0 0 0
0 0 0 0 0 0 0 0 0 0 0 0 0 0 0 0 0 0 0 0 0 0 0 0 0 0 0 0 0 0 0 0 0 0 0 0 0 0 0 0 0 0 0 0 0 0 0 0 1 0 0 0 0 0 0 0 0 0 0 0 0 0 0 0 0 0 0 0 0 0 0 0 0 0 0 0 0 0 0 0
0 0 0 0 0 0 0 0 0 0 0 0 0 0 0 0 0 0 0 0 0 0 0 0 0 0 0 0 0 0 0 0 0 0 0 0 0 0 0 0 0 0 0 0 0 0 0 0 0 1 0 0 0 0 0 0 0 0 0 0 0 0 0 0 0 0 0 0 0 0 0 0 0 0 0 0 0 0 0 0
0 0 0 0 0 0 0 0 0 0 0 0 0 0 0 0 0 0 0 0 0 0 0 0 0 0 0 0 0 0 0 0 0 0 0 0 0 0 0 0 0 0 0 0 0 0 0 0 0 0 1 0 0 0 0 0 0 0 0 0 0 0 0 0 0 0 0 0 0 0 0 0 0 0 0 0 0 0 0 0
0 0 0 0 0 0 0 0 0 0 0 0 0 0 0 0 0 0 0 0 0 0 0 0 0 0 0 0 0 0 0 0 0 0 0 0 0 0 0 0 0 0 0 0 0 0 0 0 0 0 0 1 0 0 0 0 0 0 0 0 0 0 0 0 0 0 0 0 0 0 0 0 0 0 0 0 0 0 0 0
0 0 0 0 0 0 0 0 0 0 0 0 0 0 0 0 0 0 0 0 0 0 0 0 0 0 0 0 0 0 0 0 0 0 0 0 0 0 0 0 0 0 0 0 0 0 0 0 0 0 0 0 1 0 0 0 0 0 0 0 0 0 0 0 0 0 0 0 0 0 0 0 0 0 0 0 0 0 0 0
0 0 0 0 0 0 0 0 0 0 0 0 0 0 0 0 0 0 0 0 0 0 0 0 0 0 0 0 0 0 0 0 0 0 0 0 0 0 0 0 0 0 0 0 0 0 0 0 0 0 0 0 0 1 0 0 0 0 0 0 0 0 0 0 0 0 0 0 0 0 0 0 0 0 0 0 0 0 0 0
0 0 0 0 0 0 0 0 0 0 0 0 0 0 0 0 0 0 0 0 0 0 0 0 0 0 0 0 0 0 0 0 0 0 0 0 0 0 0 0 0 0 0 0 0 0 0 0 0 0 0 0 0 0 1 0 0 0 0 0 0 0 0 0 0 0 0 0 0 0 0 0 0 0 0 0 0 0 0 0
0 0 0 0 0 0 0 0 0 0 0 0 0 0 0 0 0 0 0 0 0 0 0 0 0 0 0 0 0 0 0 0 0 0 0 0 0 0 0 0 0 0 0 0 0 0 0 0 0 0 0 0 0 0 0 1 0 0 0 0 0 0 0 0 0 0 0 0 0 0 0 0 0 0 0 0 0 0 0 0
0 0 0 0 0 0 0 0 0 0 0 0 0 0 0 0 0 0 0 0 0 0 0 0 0 0 0 0 0 0 0 0 0 0 0 0 0 0 0 0 0 0 0 0 0 0 0 0 0 0 0 0 0 0 0 0 1 0 0 0 0 0 0 0 0 0 0 0 0 0 0 0 0 0 0 0 0 0 0 0
0 0 0 0 0 0 0 0 0 0 0 0 0 0 0 0 0 0 0 0 0 0 0 0 0 0 0 0 0 0 0 0 0 0 0 0 0 0 0 0 0 0 0 0 0 0 0 0 0 0 0 0 0 0 0 0 0 1 0 0 0 0 0 0 0 0 0 0 0 0 0 0 0 0 0 0 0 0 0 0
0 0 0 0 0 0 0 0 0 0 0 0 0 0 0 0 0 0 0 0 0 0 0 0 0 0 0 0 0 0 0 0 0 0 0 0 0 0 0 0 0 0 0 0 0 0 0 0 0 0 0 0 0 0 0 0 0 0 1 0 0 0 0 0 0 0 0 0 0 0 0 0 0 0 0 0 0 0 0 0
0 0 0 0 0 0 0 0 0 0 0 0 0 0 0 0 0 0 0 0 0 0 0 0 0 0 0 0 0 0 0 0 0 0 0 0 0 0 0 0 0 0 0 0 0 0 0 0 0 0 0 0 0 0 0 0 0 0 0 1 0 0 0 0 0 0 0 0 0 0 0 0 0 0 0 0 0 0 0 0
0 0 0 0 0 0 0 0 0 0 0 0 0 0 0 0 0 0 0 0 0 0 0 0 0 0 0 0 0 0 0 0 0 0 0 0 0 0 0 0 0 0 0 0 0 0 0 0 0 0 0 0 0 0 0 0 0 0 0 0 1 0 0 0 0 0 0 0 0 0 0 0 0 0 0 0 0 0 0 0
0 0 0 0 0 0 0 0 0 0 0 0 0 0 0 0 0 0 0 0 0 0 0 0 0 0 0 0 0 0 0 0 0 0 0 0 0 0 0 0 0 0 0 0 0 0 0 0 0 0 0 0 0 0 0 0 0 0 0 0 0 1 0 0 0 0 0 0 0 0 0 0 0 0 0 0 0 0 0 0
0 0 0 0 0 0 0 0 0 0 0 0 0 0 0 0 0 0 0 0 0 0 0 0 0 0 0 0 0 0 0 0 0 0 0 0 0 0 0 0 0 0 0 0 0 0 0 0 0 0 0 0 0 0 0 0 0 0 0 0 0 0 1 0 0 0 0 0 0 0 0 0 0 0 0 0 0 0 0 0
0 0 0 0 0 0 0 0 0 0 0 0 0 0 0 0 0 0 0 0 0 0 0 0 0 0 0 0 0 0 0 0 0 0 0 0 0 0 0 0 0 0 0 0 0 0 0 0 0 0 0 0 0 0 0 0 0 0 0 0 0 0 0 1 0 0 0 0 0 0 0 0 0 0 0 0 0 0 0 0
0 0 0 0 0 0 0 0 0 0 0 0 0 0 0 0 0 0 0 0 0 0 0 0 0 0 0 0 0 0 0 0 0 0 0 0 0 0 0 0 0 0 0 0 0 0 0 0 0 0 0 0 0 0 0 0 0 0 0 0 0 0 0 0 1 0 0 0 0 0 0 0 0 0 0 0 0 0 0 0
0 0 0 0 0 0 0 0 0 0 0 0 0 0 0 0 0 0 0 0 0 0 0 0 0 0 0 0 0 0 0 0 0 0 0 0 0 0 0 0 0 0 0 0 0 0 0 0 0 0 0 0 0 0 0 0 0 0 0 0 0 0 0 0 0 1 0 0 0 0 0 0 0 0 0 0 0 0 0 0
0 0 0 0 0 0 0 0 0 0 0 0 0 0 0 0 0 0 0 0 0 0 0 0 0 0 0 0 0 0 0 0 0 0 0 0 0 0 0 0 0 0 0 0 0 0 0 0 0 0 0 0 0 0 0 0 0 0 0 0 0 0 0 0 0 0 1 0 0 0 0 0 0 0 0 0 0 0 0 0
0 0 0 0 0 0 0 0 0 0 0 0 0 0 0 0 0 0 0 0 0 0 0 0 0 0 0 0 0 0 0 0 0 0 0 0 0 0 0 0 0 0 0 0 0 0 0 0 0 0 0 0 0 0 0 0 0 0 0 0 0 0 0 0 0 0 0 1 0 0 0 0 0 0 0 0 0 0 0 0
0 0 0 0 0 0 0 0 0 0 0 0 0 0 0 0 0 0 0 0 0 0 0 0 0 0 0 0 0 0 0 0 0 0 0 0 0 0 0 0 0 0 0 0 0 0 0 0 0 0 0 0 0 0 0 0 0 0 0 0 0 0 0 0 0 0 0 0 1 0 0 0 0 0 0 0 0 0 0 0
0 0 0 0 0 0 0 0 0 0 0 0 0 0 0 0 0 0 0 0 0 0 0 0 0 0 0 0 0 0 0 0 0 0 0 0 0 0 0 0 0 0 0 0 0 0 0 0 0 0 0 0 0 0 0 0 0 0 0 0 0 0 0 0 0 0 0 0 0 1 0 0 0 0 0 0 0 0 0 0
0 0 0 0 0 0 0 0 0 0 0 0 0 0 0 0 0 0 0 0 0 0 0 0 0 0 0 0 0 0 0 0 0 0 0 0 0 0 0 0 0 0 0 0 0 0 0 0 0 0 0 0 0 0 0 0 0 0 0 0 0 0 0 0 0 0 0 0 0 0 1 0 0 0 0 0 0 0 0 0
0 0 0 0 0 0 0 0 0 0 0 0 0 0 0 0 0 0 0 0 0 0 0 0 0 0 0 0 0 0 0 0 0 0 0 0 0 0 0 0 0 0 0 0 0 0 0 0 0 0 0 0 0 0 0 0 0 0 0 0 0 0 0 0 0 0 0 0 0 0 0 1 0 0 0 0 0 0 0 0
0 0 0 0 0 0 0 0 0 0 0 0 0 0 0 0 0 0 0 0 0 0 0 0 0 0 0 0 0 0 0 0 0 0 0 0 0 0 0 0 0 0 0 0 0 0 0 0 0 0 0 0 0 0 0 0 0 0 0 0 0 0 0 0 0 0 0 0 0 0 0 0 1 0 0 0 0 0 0 0
0 0 0 0 0 0 0 0 0 0 0 0 0 0 0 0 0 0 0 0 0 0 0 0 0 0 0 0 0 0 0 0 0 0 0 0 0 0 0 0 0 0 0 0 0 0 0 0 0 0 0 0 0 0 0 0 0 0 0 0 0 0 0 0 0 0 0 0 0 0 0 0 0 1 0 0 0 0 0 0
0 0 0 0 0 0 0 0 0 0 0 0 0 0 0 0 0 0 0 0 0 0 0 0 0 0 0 0 0 0 0 0 0 0 0 0 0 0 0 0 0 0 0 0 0 0 0 0 0 0 0 0 0 0 0 0 0 0 0 0 0 0 0 0 0 0 0 0 0 0 0 0 0 0 1 0 0 0 0 0
0 0 0 0 0 0 0 0 0 0 0 0 0 0 0 0 0 0 0 0 0 0 0 0 0 0 0 0 0 0 0 0 0 0 0 0 0 0 0 0 0 0 0 0 0 0 0 0 0 0 0 0 0 0 0 0 0 0 0 0 0 0 0 0 0 0 0 0 0 0 0 0 0 0 0 1 0 0 0 0
0 0 0 0 0 0 0 0 0 0 0 0 0 0 0 0 0 0 0 0 0 0 0 0 0 0 0 0 0 0 0 0 0 0 0 0 0 0 0 0 0 0 0 0 0 0 0 0 0 0 0 0 0 0 0 0 0 0 0 0 0 0 0 0 0 0 0 0 0 0 0 0 0 0 0 0 1 0 0 0
0 0 0 0 0 0 0 0 0 0 0 0 0 0 0 0 0 0 0 0 0 0 0 0 0 0 0 0 0 0 0 0 0 0 0 0 0 0 0 0 0 0 0 0 0 0 0 0 0 0 0 0 0 0 0 0 0 0 0 0 0 0 0 0 0 0 0 0 0 0 0 0 0 0 0 0 0 1 0 0
0 0 0 0 0 0 0 0 0 0 0 0 0 0 0 0 0 0 0 0 0 0 0 0 0 0 0 0 0 0 0 0 0 0 0 0 0 0 0 0 0 0 0 0 0 0 0 0 0 0 0 0 0 0 0 0 0 0 0 0 0 0 0 0 0 0 0 0 0 0 0 0 0 0 0 0 0 0 1 0
0 0 0 0 0 0 0 0 0 0 0 0 0 0 0 0 0 0 0 0 0 0 0 0 0 0 0 0 0 0 0 0 0 0 0 0 0 0 0 0 0 0 0 0 0 0 0 0 0 0 0 0 0 0 0 0 0 0 0 0 0 0 0 0 0 0 0 0 0 0 0 0 0 0 0 0 0 0 0 1
-1.364 -1.087 -0.9866 -0.9067 -1.12 -0.9418 -1.087 -1.29 -1.055 -1.015 -1.106 -1.07 -0.9328 -1.14 -1.074 -0.9823 -0.9545 -1.073 -1.219 -0.7449 -1.134 -1.066 -1.124 -1.072 -1.121 -1.037 -1.153 -1.09 -0.968 -0.9171 -1.122 -1.071 -1.105 -1.014 -0.9358 -1.106 -1.117 -1.06 -1 -1.194 0 0 0 0 0 0 0 0 0 0 0 0 0 0 0 0 0 0 0 0 0 0 0 0 0 0 0 0 0 0 0 0 0 0 0 0 0 0 0 0
-1.087 -1.45 -0.9294 -0.9717 -1.124 -1.111 -1.19 -1.324 -1.083 -1.078 -1.161 -1.179 -0.9314 -1.145 -1.102 -1.045 -0.976 -1.095 -1.318 -0.8833 -1.194 -1.08 -1.186 -1.096 -1.101 -1.014 -1.235 -1.109 -1.099 -1.005 -1.154 -0.9778 -1.052 -0.9741 -0.9265 -1.212 -1.256 -1.112 -1.051 -1.12 0 0 0 0 0 0 0 0 0 0 0 0 0 0 0 0 0 0 0 0 0 0 0 0 0 0 0 0 0 0 0 0 0 0 0 0 0 0 0 0
-0.9866 -0.9294 -1.147 -0.7341 -0.996 -0.8504 -1.021 -1.086 -0.8363 -0.8833 -0.9616 -0.8253 -0.8532 -0.9067 -0.8174 -0.8714 -0.8478 -0.8961 -1.066 -0.6975 -1.013 -0.9488 -0.9692 -0.9159 -0.8938 -0.8886 -0.9878 -1.032 -0.8495 -0.7232 -1.049 -0.8532 -0.9839 -0.8885 -0.7496 -0.9852 -0.9489 -0.8754 -0.9224 -0.9149 0 0 0 0 0 0 0 0 0 0 0 0 0 0 0 0 0 0 0 0 0 0 0 0 0 0 0 0 0 0 0 0 0 0 0 0 0 0 0 0
-0.9067 -0.9717 -0.7341 -1.219 -0.9214 -0.9192 -1.107 -1.074 -0.9475 -0.9448 -1.079 -1.023 -0.8923 -1 -0.9628 -0.8963 -0.8276 -0.9532 -1.049 -0.6744 -0.9953 -0.8675 -0.9454 -0.9427 -0.9157 -0.9742 -0.9976 -0.9077 -0.9939 -0.9125 -0.9809 -0.8825 -0.9121 -0.8577 -0.7361 -1.082 -0.9444 -0.9673 -0.9486 -1.075 0 0 0 0 0 0 0 0 0 0 0 0 0 0 0 0 0 0 0 0 0 0 0 0 0 0 0 0 0 0 0 0 0 0 0 0 0 0 0 0
-1.12 -1.124 -0.996 -0.9214 -1.251 -0.9426 -1.106 -1.234 -1.034 -0.9778 -1.115 -1.034 -1.041 -1.044 -0.9877 -0.9794 -0.9253 -1.023 -1.17 -0.749 -1.125 -1.117 -1.055 -1.004 -0.9772 -0.9844 -1.054 -0.9929 -0.9809 -0.8707 -1.023 -0.9624 -1.061 -0.9598 -0.9057 -1.117 -1.104 -1.026 -0.9513 -1.096 0 0 0 0 0 0 0 0 0 0 0 0 0 0 0 0 0 0 0 0 0 0 0 0 0 0 0 0 0 0 0 0 0 0 0 0 0 0 0 0
-0.9418 -1.111 -0.8504 -0.9192 -0.9426 -1.279 -1.168 -1.142 -1.003 -0.9651 -1.064 -1.079 -0.838 -1.179 -0.8859 -1.058 -0.9683 -1.109 -1.07 -0.7362 -1.001 -0.9861 -0.9853 -0.9708 -0.948 -0.9265 -1.145 -0.9945 -0.9444 -0.8643 -1.098 -0.8562 -0.8725 -0.8991 -0.8171 -0.985 -1.04 -1.108 -1.052 -1.073 0 0 0 0 0 0 0 0 0 0 0 0 0 0 0 0 0 0 0 0 0 0 0 0 0 0 0 0 0 0 0 0 0 0 0 0 0 0 0 0
-1.087 -1.19 -1.021 -1.107 -1.106 -1.168 -1.562 -1.34 -1.16 -1.12 -1.275 -1.141 -0.9889 -1.198 -1.123 -1.063 -1.068 -1.135 -1.231 -0.9191 -1.266 -1.088 -1.125 -1.157 -1.074 -1.019 -1.236 -1.133 -1.086 -1.012 -1.245 -1.149 -1.079 -1.106 -0.8885 -1.194 -1.177 -1.153 -1.124 -1.245 0 0 0 0 0 0 0 0 0 0 0 0 0 0 0 0 0 0 0 0 0 0 0 0 0 0 0 0 0 0 0 0 0 0 0 0 0 0 0 0
-1.29 -1.324 -1.086 -1.074 -1.234 -1.142 -1.34 -1.71 -1.232 -1.084 -1.274 -1.247 -1.135 -1.321 -1.239 -1.12 -1.122 -1.279 -1.448 -0.9325 -1.344 -1.264 -1.294 -1.365 -1.288 -1.066 -1.372 -1.262 -1.094 -1.085 -1.314 -1.273 -1.244 -1.14 -1.053 -1.224 -1.339 -1.279 -1.233 -1.404 0 0 0 0 0 0 0 0 0 0 0 0 0 0 0 0 0 0 0 0 0 0 0 0 0 0 0 0 0 0 0 0 0 0 0 0 0 0 0 0
-1.055 -1.083 -0.8363 -0.9475 -1.034 -1.003 -1.16 -1.232 -1.314 -1.021 -1.047 -1.045 -1.05 -1.005 -1.026 -0.9566 -0.9312 -1.077 -1.155 -0.768 -1.067 -1.002 -1.084 -1.076 -0.9756 -1.004 -1.139 -1.081 -0.9688 -0.9675 -1.078 -0.9998 -1.044 -0.9453 -0.7756 -1.135 -1.121 -0.9733 -0.9807 -1.059 0 0 0 0 0 0 0 0 0 0 0 0 0 0 0 0 0 0 0 0 0 0 0 0 0 0 0 0 0 0 0 0 0 0 0 0 0 0 0 0
-1.015 -1.078 -0.8833 -0.9448 -0.9778 -0.9651 -1.12 -1.084 -1.021 -1.301 -1.115 -0.9835 -0.852 -1.072 -1.036 -1.022 -1.041 -0.9343 -1.139 -0.7431 -1.081 -1.031 -1.029 -1.027 -0.937 -0.9301 -1.078 -1.101 -0.9637 -0.913 -1.066 -1.026 -0.9942 -0.9325 -0.7668 -1.092 -1.052 -0.9099 -0.8737 -1.038 0 0 0 0 0 0 0 0 0 0 0 0 0 0 0 0 0 0 0 0 0 0 0 0 0 0 0 0 0 0 0 0 0 0 0 0 0 0 0 0
-1.106 -1.161 -0.9616 -1.079 -1.115 -1.064 -1.275 -1.274 -1.047 -1.115 -1.519 -1.23 -1.012 -1.23 -1.085 -1.075 -1.074 -1.174 -1.222 -0.8781 -1.215 -1.2 -1.094 -1.11 -1.04 -1.059 -1.217 -1.039 -1.103 -1.035 -1.164 -1.151 -1.107 -1.111 -0.9879 -1.196 -1.115 -1.118 -1.09 -1.241 0 0 0 0 0 0 0 0 0 0 0 0 0 0 0 0 0 0 0 0 0 0 0 0 0 0 0 0 0 0 0 0 0 0 0 0 0 0 0 0
-1.07 -1.179 -0.8253 -1.023 -1.034 -1.079 -1.141 -1.247 -1.045 -0.9835 -1.23 -1.554 -1.012 -1.261 -1.077 -1.2 -1.038 -1.139 -1.237 -0.8089 -1.215 -1.119 -1.145 -1.112 -1.121 -1.049 -1.211 -1.008 -1.153 -1.072 -1.203 -1.085 -1.019 -1.004 -0.8917 -1.136 -1.026 -1.035 -1.044 -1.167 0 0 0 0 0 0 0 0 0 0 0 0 0 0 0 0 0 0 0 0 0 0 0 0 0 0 0 0 0 0 0 0 0 0 0 0 0 0 0 0
-0.9328 -0.9314 -0.8532 -0.8923 -1.041 -0.838 -0.9889 -1.135 -1.05 -0.852 -1.012 -1.012 -1.151 -0.8965 -0.9297 -0.8725 -0.8815 -0.9496 -1.07 -0.6869 -1.05 -0.9863 -0.9625 -0.964 -0.8747 -0.9552 -0.9989 -0.9138 -0.8357 -0.8162 -0.9736 -0.8952 -0.9439 -0.8807 -0.7526 -1.088 -0.9632 -0.9473 -0.9369 -0.9698 0 0 0 0 0 0 0 0 0 0 0 0 0 0 0 0 0 0 0 0 0 0 0 0 0 0 0 0 0 0 0 0 0 0 0 0 0 0 0 0
-1.14 -1.145 -0.9067 -1 -1.044 -1.179 -1.198 -1.321 -1.005 -1.072 -1.23 -1.261 -0.8965 -1.551 -1.084 -1.181 -1.103 -1.295 -1.197 -0.7542 -1.225 -1.082 -1.103 -1.072 -1.057 -1.023 -1.182 -1.124 -1.116 -0.951 -1.164 -1.117 -1.024 -1.075 -0.9218 -1.038 -1.085 -1.14 -1.095 -1.332 0 0 0 0 0 0 0 0 0 0 0 0 0 0 0 0 0 0 0 0 0 0 0 0 0 0 0 0 0 0 0 0 0 0 0 0 0 0 0 0
-1.074 -1.102 -0.8174 -0.9628 -0.9877 -0.8859 -1.123 -1.239 -1.026 -1.036 -1.085 -1.077 -0.9297 -1.084 -1.382 -0.9321 -0.9914 -0.995 -1.235 -0.7668 -1.184 -1.001 -1.139 -1.115 -1.027 -1.029 -1.085 -1.062 -0.964 -0.9493 -1.096 -1.1 -0.9243 -1.079 -0.9085 -1.126 -1.126 -1.022 -0.9211 -1.089 0 0 0 0 0 0 0 0 0 0 0 0 0 0 0 0 0 0 0 0 0 0 0 0 0 0 0 0 0 0 0 0 0 0 0 0 0 0 0 0
-0.9823 -1.045 -0.8714 -0.8963 -0.9794 -1.058 -1.063 -1.12 -0.9566 -1.022 -1.075 -1.2 -0.8725 -1.181 -0.9321 -1.364 -1.015 -1.048 -1.016 -0.756 -1.105 -1.03 -1.024 -1 -1.013 -0.9377 -1.094 -1.071 -1.003 -0.918 -1.099 -0.9733 -0.9616 -0.9838 -0.8728 -1.037 -0.9377 -0.8871 -1 -1.101 0 0 0 0 0 0 0 0 0 0 0 0 0 0 0 0 0 0 0 0 0 0 0 0 0 0 0 0 0 0 0 0 0 0 0 0 0 0 0 0
-0.9545 -0.976 -0.8478 -0.8276 -0.9253 -0.9683 -1.068 -1.122 -0.9312 -1.041 -1.074 -1.038 -0.8815 -1.103 -0.9914 -1.015 -1.172 -1.058 -1.124 -0.7474 -1.077 -1.013 -1.057 -1.044 -0.9611 -0.9292 -1.028 -0.9827 -0.8863 -0.8937 -1.097 -0.933 -0.9366 -0.9589 -0.8466 -0.9979 -0.9742 -0.9644 -0.9586 -1.042 0 0 0 0 0 0 0 0 0 0 0 0 0 0 0 0 0 0 0 0 0 0 0 0 0 0 0 0 0 0 0 0 0 0 0 0 0 0 0 0
-1.073 -1.095 -0.8961 -0.9532 -1.023 -1.109 -1.135 -1.279 -1.077 -0.9343 -1.174 -1.139 -0.9496 -1.295 -0.995 -1.048 -1.058 -1.451 -1.174 -0.7556 -1.159 -1.072 -1.075 -0.9705 -0.9688 -0.9906 -1.101 -1.103 -1.022 -0.9789 -1.122 -1.035 -0.9998 -0.9824 -1.003 -0.9937 -1.092 -1.075 -1.03 -1.274 0 0 0 0 0 0 0 0 0 0 0 0 0 0 0 0 0 0 0 0 0 0 0 0 0 0 0 0 0 0 0 0 0 0 0 0 0 0 0 0
-1.219 -1.318 -1.066 -1.049 -1.17 -1.07 -1.231 -1.448 -1.155 -1.139 -1.222 -1.237 -1.07 -1.197 -1.235 -1.016 -1.124 -1.174 -1.724 -0.9565 -1.379 -1.15 -1.288 -1.247 -1.281 -1.124 -1.337 -1.236 -1.078 -1.091 -1.369 -1.091 -1.203 -1.104 -0.9741 -1.346 -1.267 -1.301 -1.116 -1.229 0 0 0 0 0 0 0 0 0 0 0 0 0 0 0 0 0 0 0 0 0 0 0 0 0 0 0 0 0 0 0 0 0 0 0 0 0 0 0 0
-0.7449 -0.8833 -0.6975 -0.6744 -0.749 -0.7362 -0.9191 -0.9325 -0.768 -0.7431 -0.8781 -0.8089 -0.6869 -0.7542 -0.7668 -0.756 -0.7474 -0.7556 -0.9565 -0.7928 -0.8557 -0.7368 -0.7462 -0.783 -0.8516 -0.696 -0.9343 -0.8127 -0.6934 -0.6877 -0.8678 -0.7689 -0.7777 -0.7785 -0.6518 -0.8251 -0.8027 -0.8313 -0.7824 -0.7769 0 0 0 0 0 0 0 0 0 0 0 0 0 0 0 0 0 0 0 0 0 0 0 0 0 0 0 0 0 0 0 0 0 0 0 0 0 0 0 0
-1.134 -1.194 -1.013 -0.9953 -1.125 -1.001 -1.266 -1.344 -1.067 -1.081 -1.215 -1.215 -1.05 -1.225 -1.184 -1.105 -1.077 -1.159 -1.379 -0.8557 -1.544 -1.112 -1.153 -1.132 -1.13 -1.011 -1.206 -1.149 -0.9974 -0.9658 -1.321 -1.112 -1.031 -1.081 -0.9469 -1.27 -1.132 -1.128 -1.032 -1.218 0 0 0 0 0 0 0 0 0 0 0 0 0 0 0 0 0 0 0 0 0 0 0 0 0 0 0 0 0 0 0 0 0 0 0 0 0 0 0 0
-1.066 -1.08 -0.9488 -0.8675 -1.117 -0.9861 -1.088 -1.264 -1.002 -1.031 -1.2 -1.119 -0.9863 -1.082 -1.001 -1.03 -1.013 -1.072 -1.15 -0.7368 -1.112 -1.292 -1.07 -1.056 -0.9768 -0.9528 -1.102 -0.9663 -0.9788 -0.9273 -1.066 -1.035 -0.9823 -0.9409 -0.9285 -1.081 -1.127 -1.011 -1.001 -1.144 0 0 0 0 0 0 0 0 0 0 0 0 0 0 0 0 0 0 0 0 0 0 0 0 0 0 0 0 0 0 0 0 0 0 0 0 0 0 0 0
-1.124 -1.186 -0.9692 -0.9454 -1.055 -0.9853 -1.125 -1.294 -1.084 -1.029 -1.094 -1.145 -0.9625 -1.103 -1.139 -1.024 -1.057 -1.075 -1.288 -0.7462 -1.153 -1.07 -1.393 -1.15 -1.097 -1.015 -1.119 -1.131 -1.056 -0.9975 -1.142 -0.9892 -1.128 -0.9949 -0.887 -1.193 -1.183 -0.9782 -1.038 -1.088 0 0 0 0 0 0 0 0 0 0 0 0 0 0 0 0 0 0 0 0 0 0 0 0 0 0 0 0 0 0 0 0 0 0 0 0 0 0 0 0
-1.072 -1.096 -0.9159 -0.9427 -1.004 -0.9708 -1.157 -1.365 -1.076 -1.027 -1.11 -1.112 -0.964 -1.072 -1.115 -1 -1.044 -0.9705 -1.247 -0.783 -1.132 -1.056 -1.15 -1.448 -1.152 -0.9235 -1.251 -1.034 -0.988 -1.044 -1.174 -1.105 -1.072 -1.017 -0.868 -1.102 -1.128 -0.9608 -1.004 -1.171 0 0 0 0 0 0 0 0 0 0 0 0 0 0 0 0 0 0 0 0 0 0 0 0 0 0 0 0 0 0 0 0 0 0 0 0 0 0 0 0
-1.121 -1.101 -0.8938 -0.9157 -0.9772 -0.948 -1.074 -1.288 -0.9756 -0.937 -1.04 -1.121 -0.8747 -1.057 -1.027 -1.013 -0.9611 -0.9688 -1.281 -0.8516 -1.13 -0.9768 -1.097 -1.152 -1.317 -0.9056 -1.249 -1.108 -0.9393 -1.003 -1.204 -1.009 -1.067 -0.9749 -0.8542 -1.112 -1.112 -1.088 -0.9852 -1.115 0 0 0 0 0 0 0 0 0 0 0 0 0 0 0 0 0 0 0 0 0 0 0 0 0 0 0 0 0 0 0 0 0 0 0 0 0 0 0 0
-1.037 -1.014 -0.8886 -0.9742 -0.9844 -0.9265 -1.019 -1.066 -1.004 -0.9301 -1.059 -1.049 -0.9552 -1.023 -1.029 -0.9377 -0.9292 -0.9906 -1.124 -0.696 -1.011 -0.9528 -1.015 -0.9235 -0.9056 -1.232 -1.062 -0.9198 -0.994 -0.8889 -1.074 -0.8123 -0.9521 -0.9399 -0.8211 -1.18 -1.003 -1.025 -1.073 -0.9614 0 0 0 0 0 0 0 0 0 0 0 0 0 0 0 0 0 0 0 0 0 0 0 0 0 0 0 0 0 0 0 0 0 0 0 0 0 0 0 0
-1.153 -1.235 -0.9878 -0.9976 -1.054 -1.145 -1.236 -1.372 -1.139 -1.078 -1.217 -1.211 -0.9989 -1.182 -1.085 -1.094 -1.028 -1.101 -1.337 -0.9343 -1.206 -1.102 -1.119 -1.251 -1.249 -1.062 -1.585 -1.155 -1.063 -1.097 -1.256 -1.163 -1.123 -1.068 -0.9272 -1.222 -1.275 -1.165 -1.077 -1.222 0 0 0 0 0 0 0 0 0 0 0 0 0 0 0 0 0 0 0 0 0 0 0 0 0 0 0 0 0 0 0 0 0 0 0 0 0 0 0 0
-1.09 -1.109 -1.032 -0.9077 -0.9929 -0.9945 -1.133 -1.262 -1.081 -1.101 -1.039 -1.008 -0.9138 -1.124 -1.062 -1.071 -0.9827 -1.103 -1.236 -0.8127 -1.149 -0.9663 -1.131 -1.034 -1.108 -0.9198 -1.155 -1.436 -0.9525 -0.9266 -1.23 -1.148 -1.151 -1.038 -0.8735 -1.092 -1.14 -0.9299 -1.009 -1.075 0 0 0 0 0 0 0 0 0 0 0 0 0 0 0 0 0 0 0 0 0 0 0 0 0 0 0 0 0 0 0 0 0 0 0 0 0 0 0 0
-0.968 -1.099 -0.8495 -0.9939 -0.9809 -0.9444 -1.086 -1.094 -0.9688 -0.9637 -1.103 -1.153 -0.8357 -1.116 -0.964 -1.003 -0.8863 -1.022 -1.078 -0.6934 -0.9974 -0.9788 -1.056 -0.988 -0.9393 -0.994 -1.063 -0.9525 -1.26 -1.001 -1.003 -0.9045 -0.8815 -0.8744 -0.7747 -1.09 -0.9976 -0.8458 -0.8981 -1.087 0 0 0 0 0 0 0 0 0 0 0 0 0 0 0 0 0 0 0 0 0 0 0 0 0 0 0 0 0 0 0 0 0 0 0 0 0 0 0 0
-0.9171 -1.005 -0.7232 -0.9125 -0.8707 -0.8643 -1.012 -1.085 -0.9675 -0.913 -1.035 -1.072 -0.8162 -0.951 -0.9493 -0.918 -0.8937 -0.9789 -1.091 -0.6877 -0.9658 -0.9273 -0.9975 -1.044 -1.003 -0.8889 -1.097 -0.9266 -1.001 -1.173 -1.053 -0.8957 -0.9689 -0.8073 -0.7238 -1.046 -0.9949 -0.8455 -0.7582 -1.042 0 0 0 0 0 0 0 0 0 0 0 0 0 0 0 0 0 0 0 0 0 0 0 0 0 0 0 0 0 0 0 0 0 0 0 0 0 0 0 0
-1.122 -1.154 -1.049 -0.9809 -1.023 -1.098 -1.245 -1.314 -1.078 -1.066 -1.164 -1.203 -0.9736 -1.164 -1.096 -1.099 -1.097 -1.122 -1.369 -0.8678 -1.321 -1.066 -1.142 -1.174 -1.204 -1.074 -1.256 -1.23 -1.003 -1.053 -1.448 -1.069 -1.109 -1.048 -0.8861 -1.25 -1.083 -1.099 -1.126 -1.11 0 0 0 0 0 0 0 0 0 0 0 0 0 0 0 0 0 0 0 0 0 0 0 0 0 0 0 0 0 0 0 0 0 0 0 0 0 0 0 0
-1.071 -0.9778 -0.8532 -0.8825 -0.9624 -0.8562 -1.149 -1.273 -0.9998 -1.026 -1.151 -1.085 -0.8952 -1.117 -1.1 -0.9733 -0.933 -1.035 -1.091 -0.7689 -1.112 -1.035 -0.9892 -1.105 -1.009 -0.8123 -1.163 -1.148 -0.9045 -0.8957 -1.069 -1.392 -1.081 -1.015 -0.8714 -0.9656 -1.036 -0.7891 -0.882 -1.199 0 0 0 0 0 0 0 0 0 0 0 0 0 0 0 0 0 0 0 0 0 0 0 0 0 0 0 0 0 0 0 0 0 0 0 0 0 0 0 0
-1.105 -1.052 -0.9839 -0.9121 -1.061 -0.8725 -1.079 -1.244 -1.044 -0.9942 -1.107 -1.019 -0.9439 -1.024 -0.9243 -0.9616 -0.9366 -0.9998 -1.203 -0.7777 -1.031 -0.9823 -1.128 -1.072 -1.067 -0.9521 -1.123 -1.151 -0.8815 -0.9689 -1.109 -1.081 -1.362 -0.9166 -0.8472 -1.119 -1.127 -0.9118 -0.9884 -1.086 0 0 0 0 0 0 0 0 0 0 0 0 0 0 0 0 0 0 0 0 0 0 0 0 0 0 0 0 0 0 0 0 0 0 0 0 0 0 0 0
-1.014 -0.9741 -0.8885 -0.8577 -0.9598 -0.8991 -1.106 -1.14 -0.9453 -0.9325 -1.111 -1.004 -0.8807 -1.075 -1.079 -0.9838 -0.9589 -0.9824 -1.104 -0.7785 -1.081 -0.9409 -0.9949 -1.017 -0.9749 -0.9399 -1.068 -1.038 -0.8744 -0.8073 -1.048 -1.015 -0.9166 -1.164 -0.8748 -0.9681 -0.9627 -1.015 -0.9635 -1.008 0 0 0 0 0 0 0 0 0 0 0 0 0 0 0 0 0 0 0 0 0 0 0 0 0 0 0 0 0 0 0 0 0 0 0 0 0 0 0 0
-0.9358 -0.9265 -0.7496 -0.7361 -0.9057 -0.8171 -0.8885 -1.053 -0.7756 -0.7668 -0.9879 -0.8917 -0.7526 -0.9218 -0.9085 -0.8728 -0.8466 -1.003 -0.9741 -0.6518 -0.9469 -0.9285 -0.887 -0.868 -0.8542 -0.8211 -0.9272 -0.8735 -0.7747 -0.7238 -0.8861 -0.8714 -0.8472 -0.8748 -1.132 -0.8823 -1.014 -0.8805 -0.903 -0.9963 0 0 0 0 0 0 0 0 0 0 0 0 0 0 0 0 0 0 0 0 0 0 0 0 0 0 0 0 0 0 0 0 0 0 0 0 0 0 0 0
-1.106 -1.212 -0.9852 -1.082 -1.117 -0.985 -1.194 -1.224 -1.135 -1.092 -1.196 -1.136 -1.088 -1.038 -1.126 -1.037 -0.9979 -0.9937 -1.346 -0.8251 -1.27 -1.081 -1.193 -1.102 -1.112 -1.18 -1.222 -1.092 -1.09 -1.046 -1.25 -0.9656 -1.119 -0.9681 -0.8823 -1.477 -1.182 -1.069 -1.135 -1.086 0 0 0 0 0 0 0 0 0 0 0 0 0 0 0 0 0 0 0 0 0 0 0 0 0 0 0 0 0 0 0 0 0 0 0 0 0 0 0 0
-1.117 -1.256 -0.9489 -0.9444 -1.104 -1.04 -1.177 -1.339 -1.121 -1.052 -1.115 -1.026 -0.9632 -1.085 -1.126 -0.9377 -0.9742 -1.092 -1.267 -0.8027 -1.132 -1.127 -1.183 -1.128 -1.112 -1.003 -1.275 -1.14 -0.9976 -0.9949 -1.083 -1.036 -1.127 -0.9627 -1.014 -1.182 -1.479 -1.144 -1.006 -1.171 0 0 0 0 0 0 0 0 0 0 0 0 0 0 0 0 0 0 0 0 0 0 0 0 0 0 0 0 0 0 0 0 0 0 0 0 0 0 0 0
-1.06 -1.112 -0.8754 -0.9673 -1.026 -1.108 -1.153 -1.279 -0.9733 -0.9099 -1.118 -1.035 -0.9473 -1.14 -1.022 -0.8871 -0.9644 -1.075 -1.301 -0.8313 -1.128 -1.011 -0.9782 -0.9608 -1.088 -1.025 -1.165 -0.9299 -0.8458 -0.8455 -1.099 -0.7891 -0.9118 -1.015 -0.8805 -1.069 -1.144 -1.483 -1.085 -1.111 0 0 0 0 0 0 0 0 0 0 0 0 0 0 0 0 0 0 0 0 0 0 0 0 0 0 0 0 0 0 0 0 0 0 0 0 0 0 0 0
-1 -1.051 -0.9224 -0.9486 -0.9513 -1.052 -1.124 -1.233 -0.9807 -0.8737 -1.09 -1.044 -0.9369 -1.095 -0.9211 -1 -0.9586 -1.03 -1.116 -0.7824 -1.032 -1.001 -1.038 -1.004 -0.9852 -1.073 -1.077 -1.009 -0.8981 -0.7582 -1.126 -0.882 -0.9884 -0.9635 -0.903 -1.135 -1.006 -1.085 -1.346 -1.04 0 0 0 0 0 0 0 0 0 0 0 0 0 0 0 0 0 0 0 0 0 0 0 0 0 0 0 0 0 0 0 0 0 0 0 0 0 0 0 0
-1.194 -1.12 -0.9149 -1.075 -1.096 -1.073 -1.245 -1.404 -1.059 -1.038 -1.241 -1.167 -0.9698 -1.332 -1.089 -1.101 -1.042 -1.274 -1.229 -0.7769 -1.218 -1.144 -1.088 -1.171 -1.115 -0.9614 -1.222 -1.075 -1.087 -1.042 -1.11 -1.199 -1.086 -1.008 -0.9963 -1.086 -1.171 -1.111 -1.04 -1.512 0 0 0 0 0 0 0 0 0 0 0 0 0 0 0 0 0 0 0 0 0 0 0 0 0 0 0 0 0 0 0 0 0 0 0 0 0 0 0 0
