0.231937 0.159647 0.269076 0.187123 0.192281 0.174177 0.205612 0.215112 0.186984 0.162129 -0.024515 -0.015859 -0.036383 -0.021553 -0.023627 -0.033343 -0.021189 -0.033383 -0.017858 0.006146
0.159647 0.310342 0.341087 0.239722 0.246231 0.217295 0.269856 0.269132 0.244707 0.203262 -0.015851 -0.038735 -0.041745 -0.029057 -0.030802 -0.030307 -0.038383 -0.031431 -0.032831 0.007720
0.269076 0.341087 0.671292 0.401458 0.409542 0.358148 0.441443 0.451907 0.401460 0.337823 -0.036372 -0.041747 -0.077740 -0.057438 -0.056807 -0.042005 -0.053301 -0.062493 -0.047419 0.012828
0.187123 0.239722 0.401458 0.383446 0.287865 0.249524 0.311061 0.316077 0.282128 0.236290 -0.021544 -0.029057 -0.057435 -0.045207 -0.038260 -0.026520 -0.040260 -0.039805 -0.032986 0.008976
0.192281 0.246231 0.409542 0.287865 0.394559 0.257694 0.319247 0.323430 0.290214 0.242716 -0.023621 -0.030804 -0.056809 -0.038264 -0.039512 -0.032083 -0.041541 -0.039730 -0.038747 0.009215
0.174177 0.217295 0.358148 0.249524 0.257694 0.333959 0.279592 0.285169 0.253576 0.216958 -0.033342 -0.030315 -0.042017 -0.026530 -0.032091 -0.043502 -0.035664 -0.035880 -0.030356 0.008226
0.205612 0.269856 0.441443 0.311061 0.319247 0.279592 0.450761 0.347804 0.318374 0.262663 -0.021182 -0.038385 -0.053302 -0.040263 -0.041540 -0.035655 -0.055325 -0.038119 -0.048579 0.009974
0.215112 0.269132 0.451907 0.316077 0.323430 0.285169 0.347804 0.459876 0.317621 0.268043 -0.033375 -0.031432 -0.062493 -0.039806 -0.039728 -0.035870 -0.038117 -0.055203 -0.041127 0.010178
0.186984 0.244707 0.401460 0.282128 0.290214 0.253576 0.318374 0.317621 0.390395 0.238386 -0.017848 -0.032829 -0.047414 -0.032985 -0.038742 -0.030344 -0.048574 -0.041123 -0.047457 0.009057
0.162129 0.203262 0.337823 0.236290 0.242716 0.216958 0.262663 0.268043 0.238386 0.302106 -0.028346 -0.024843 -0.043694 -0.028529 -0.032743 -0.036586 -0.035038 -0.034219 -0.027323 0.012659
-0.024515 -0.015851 -0.036372 -0.021544 -0.023621 -0.033342 -0.021182 -0.033375 -0.017848 -0.028346 0.097939 -0.001271 -0.002778 -0.001685 -0.001829 -0.002445 -0.001688 -0.002504 -0.001441 -0.000928
-0.015859 -0.038735 -0.041747 -0.029057 -0.030804 -0.030315 -0.038385 -0.031432 -0.032829 -0.024843 -0.001271 0.096894 -0.003231 -0.002252 -0.002376 -0.002305 -0.002909 -0.002450 -0.002507 -0.000809
-0.036383 -0.041745 -0.077740 -0.057435 -0.056809 -0.042017 -0.053302 -0.062493 -0.047414 -0.043694 -0.002778 -0.003231 0.093815 -0.004349 -0.004321 -0.003275 -0.004134 -0.004754 -0.003689 -0.001425
-0.021553 -0.029057 -0.057438 -0.045207 -0.038264 -0.026530 -0.040263 -0.039806 -0.032985 -0.028529 -0.001685 -0.002252 -0.004349 0.096365 -0.002926 -0.002101 -0.003091 -0.003068 -0.002570 -0.000929
-0.023627 -0.030802 -0.056807 -0.038260 -0.039512 -0.032091 -0.041540 -0.039728 -0.038742 -0.032743 -0.001829 -0.002376 -0.004321 -0.002926 0.096723 -0.002480 -0.003187 -0.003074 -0.002961 -0.001068
-0.033343 -0.030307 -0.042005 -0.026520 -0.032083 -0.043502 -0.035655 -0.035870 -0.030344 -0.036586 -0.002445 -0.002305 -0.003275 -0.002101 -0.002480 0.096543 -0.002746 -0.002768 -0.002358 -0.001198
-0.021189 -0.038383 -0.053301 -0.040260 -0.041541 -0.035664 -0.055325 -0.038117 -0.048574 -0.035038 -0.001688 -0.002909 -0.004134 -0.003091 -0.003187 -0.002746 0.095602 -0.003002 -0.003648 -0.001143
-0.033383 -0.031431 -0.062493 -0.039805 -0.039730 -0.035880 -0.038119 -0.055203 -0.041123 -0.034219 -0.002504 -0.002450 -0.004754 -0.003068 -0.003074 -0.002768 -0.003002 0.095598 -0.003156 -0.001116
-0.017858 -0.032831 -0.047419 -0.032986 -0.038747 -0.030356 -0.048579 -0.041127 -0.047457 -0.027323 -0.001441 -0.002507 -0.003689 -0.002570 -0.002961 -0.002358 -0.003648 -0.003156 0.096208 -0.000889
0.006146 0.007720 0.012828 0.008976 0.009215 0.008226 0.009974 0.010178 0.009057 0.012659 -0.000928 -0.000809 -0.001425 -0.000929 -0.001068 -0.001198 -0.001143 -0.001116 -0.000889 0.000638
