8.261205 4.868562 9.719694 6.181472 6.603080 7.750704 6.211842 8.502645 5.558164 7.041700 0.587942 0.107018 -0.126859 0.020645 0.025265 -0.353103 0.018549 -0.219894 0.102050 0.091413
4.868562 11.360636 11.464468 8.057708 8.495820 8.015114 10.178615 8.726991 8.846370 7.012253 0.147297 0.163883 -0.061572 0.002924 0.008728 -0.078898 -0.046646 -0.043356 -0.002950 0.022622
9.719694 11.464468 22.971045 15.037077 14.837910 11.937488 14.755776 16.500055 13.325809 12.035130 -0.090136 -0.064297 0.477242 -0.188156 -0.299491 0.098742 -0.046573 -0.192129 0.062428 0.066388
6.181472 8.057708 15.037077 13.388575 10.371803 7.731000 10.888690 10.929847 9.224890 8.056233 0.044987 0.005644 -0.174922 0.224062 0.004072 0.021262 -0.072822 0.011475 0.021296 0.028345
6.603080 8.495820 14.837910 10.371803 12.682134 8.816825 11.333803 11.145739 10.297761 8.782749 0.025564 0.005445 -0.298614 0.000174 0.453971 -0.051365 0.005858 0.104723 -0.140612 0.007951
7.750704 8.015114 11.937488 7.731000 8.816825 12.542405 9.786463 9.966347 8.490430 9.269551 -0.353951 -0.138338 0.055212 -0.003499 -0.043943 0.271055 -0.010227 -0.002706 -0.066640 0.177371
6.211842 10.178615 14.755776 10.888690 11.333803 9.786463 16.094020 11.021186 12.518092 9.409773 -0.001105 -0.048739 -0.038590 -0.066252 0.009583 -0.047469 0.241704 0.087245 -0.166008 0.004870
8.502645 8.726991 16.500055 10.929847 11.145739 9.966347 11.021186 16.186321 10.960856 9.518067 -0.147885 -0.044051 -0.201241 -0.010744 0.100421 0.101662 0.079829 0.281511 -0.188487 0.037150
5.558164 8.846370 13.325809 9.224890 10.297761 8.490430 12.518092 10.960856 13.966357 7.913292 0.143075 0.007256 0.077047 0.022098 -0.136795 -0.011835 -0.171660 -0.162790 0.277687 0.028441
7.041700 7.012253 12.035130 8.056233 8.782749 9.269551 9.409773 9.518067 7.913292 10.190494 -0.181599 0.029877 -0.022681 0.022377 -0.097556 -0.169867 -0.108304 0.014459 0.077347 0.425327
0.587942 0.147297 -0.090136 0.044987 0.025564 -0.353951 -0.001105 -0.147885 0.143075 -0.181599 1.437495 0.087905 -0.077149 0.021886 0.014929 -0.260553 0.011928 -0.134644 0.086126 -0.038826
0.107018 0.163883 -0.064297 0.005644 0.005445 -0.138338 -0.048739 -0.044051 0.007256 0.029877 0.087905 1.143384 -0.048526 -0.001066 0.000822 -0.081645 -0.041573 -0.033672 -0.006181 0.027198
-0.126859 -0.061572 0.477242 -0.174922 -0.298614 0.055212 -0.038590 -0.201241 0.077047 -0.022681 -0.077149 -0.048526 1.360758 -0.144007 -0.214258 0.050239 -0.030851 -0.149955 0.039862 0.017033
0.020645 0.002924 -0.188156 0.224062 0.000174 -0.003499 -0.066252 -0.010744 0.022098 0.022377 0.021886 -0.001066 -0.144007 1.192629 -0.009431 0.012249 -0.058435 -0.005311 0.015262 0.023954
0.025265 0.008728 -0.299491 0.004072 0.453971 -0.043943 0.009583 0.100421 -0.136795 -0.097556 0.014929 0.000822 -0.214258 -0.009431 1.358301 -0.033116 -0.004625 0.063556 -0.101250 -0.036222
-0.353103 -0.078898 0.098742 0.021262 -0.051365 0.271055 -0.047469 0.101662 -0.011835 -0.169867 -0.260553 -0.081645 0.050239 0.012249 -0.033116 1.208986 -0.025307 0.028425 -0.025358 -0.001646
0.018549 -0.046646 -0.046573 -0.072822 0.005858 -0.010227 0.241704 0.079829 -0.171660 -0.108304 0.011928 -0.041573 -0.030851 -0.058435 -0.004625 -0.025307 1.205216 0.060555 -0.135000 -0.044953
-0.219894 -0.043356 -0.192129 0.011475 0.104723 -0.002706 0.087245 0.281511 -0.162790 0.014459 -0.134644 -0.033672 -0.149955 -0.005311 0.063556 0.028425 0.060555 1.222603 -0.130754 0.028640
0.102050 -0.002950 0.062428 0.021296 -0.140612 -0.066640 -0.166008 -0.188487 0.277687 0.077347 0.086126 -0.006181 0.039862 0.015262 -0.101250 -0.025358 -0.135000 -0.130754 1.223742 0.047758
0.091413 0.022622 0.066388 0.028345 0.007951 0.177371 0.004870 0.037150 0.028441 0.425327 -0.038826 0.027198 0.017033 0.023954 -0.036222 -0.001646 -0.044953 0.028640 0.047758 0.917084
