8.261214 4.868575 9.719714 6.181485 6.603094 7.750717 6.211858 8.502660 5.558178 7.041713 0.587946 0.107022 -0.126851 0.020650 0.025271 -0.353098 0.018555 -0.219889 0.102055 0.091418
4.868575 11.360653 11.464496 8.057727 8.495840 8.015131 10.178638 8.727012 8.846390 7.012270 0.147301 0.163890 -0.061563 0.002930 0.008735 -0.078893 -0.046639 -0.043349 -0.002944 0.022628
9.719714 11.464496 22.971089 15.037108 14.837942 11.937515 14.755812 16.500089 13.325841 12.035158 -0.090130 -0.064287 0.477257 -0.188146 -0.299480 0.098751 -0.046560 -0.192117 0.062438 0.066398
6.181485 8.057727 15.037108 13.388598 10.371826 7.731018 10.888716 10.929871 9.224912 8.056253 0.044991 0.005651 -0.174911 0.224069 0.004080 0.021268 -0.072813 0.011483 0.021303 0.028352
6.603094 8.495840 14.837942 10.371826 12.682157 8.816845 11.333830 11.145763 10.297784 8.782769 0.025568 0.005452 -0.298603 0.000181 0.453979 -0.051359 0.005867 0.104731 -0.140604 0.007958
7.750717 8.015131 11.937515 7.731018 8.816845 12.542422 9.786485 9.966368 8.490449 9.269568 -0.353946 -0.138331 0.055222 -0.003493 -0.043936 0.271061 -0.010219 -0.002699 -0.066633 0.177377
6.211858 10.178638 14.755812 10.888716 11.333830 9.786485 16.094051 11.021215 12.518119 9.409796 -0.001100 -0.048731 -0.038579 -0.066244 0.009592 -0.047462 0.241714 0.087254 -0.166000 0.004878
8.502660 8.727012 16.500089 10.929871 11.145763 9.966368 11.021215 16.186347 10.960881 9.518089 -0.147880 -0.044043 -0.201229 -0.010736 0.100430 0.101669 0.079839 0.281520 -0.188478 0.037157
5.558178 8.846390 13.325841 9.224912 10.297784 8.490449 12.518119 10.960881 13.966381 7.913312 0.143079 0.007263 0.077057 0.022105 -0.136787 -0.011828 -0.171651 -0.162782 0.277695 0.028448
7.041713 7.012270 12.035158 8.056253 8.782769 9.269568 9.409796 9.518089 7.913312 10.190512 -0.181595 0.029883 -0.022672 0.022383 -0.097549 -0.169861 -0.108297 0.014466 0.077353 0.425333
0.587946 0.147301 -0.090130 0.044991 0.025568 -0.353946 -0.001100 -0.147880 0.143079 -0.181595 1.437495 0.087905 -0.077149 0.021886 0.014929 -0.260553 0.011928 -0.134644 0.086126 -0.038826
0.107022 0.163890 -0.064287 0.005651 0.005452 -0.138331 -0.048731 -0.044043 0.007263 0.029883 0.087905 1.143384 -0.048526 -0.001066 0.000821 -0.081645 -0.041573 -0.033672 -0.006181 0.027198
-0.126851 -0.061563 0.477257 -0.174911 -0.298603 0.055222 -0.038579 -0.201229 0.077057 -0.022672 -0.077149 -0.048526 1.360758 -0.144007 -0.214258 0.050239 -0.030851 -0.149955 0.039862 0.017033
0.020650 0.002930 -0.188146 0.224069 0.000181 -0.003493 -0.066244 -0.010736 0.022105 0.022383 0.021886 -0.001066 -0.144007 1.192629 -0.009431 0.012249 -0.058435 -0.005311 0.015262 0.023954
0.025271 0.008735 -0.299480 0.004080 0.453979 -0.043936 0.009592 0.100430 -0.136787 -0.097549 0.014929 0.000821 -0.214258 -0.009431 1.358301 -0.033116 -0.004626 0.063556 -0.101250 -0.036222
-0.353098 -0.078893 0.098751 0.021268 -0.051359 0.271061 -0.047462 0.101669 -0.011828 -0.169861 -0.260553 -0.081645 0.050239 0.012249 -0.033116 1.208986 -0.025308 0.028425 -0.025358 -0.001646
0.018555 -0.046639 -0.046560 -0.072813 0.005867 -0.010219 0.241714 0.079839 -0.171651 -0.108297 0.011928 -0.041573 -0.030851 -0.058435 -0.004626 -0.025308 1.205215 0.060555 -0.135000 -0.044953
-0.219889 -0.043349 -0.192117 0.011483 0.104731 -0.002699 0.087254 0.281520 -0.162782 0.014466 -0.134644 -0.033672 -0.149955 -0.005311 0.063556 0.028425 0.060555 1.222603 -0.130754 0.028639
0.102055 -0.002944 0.062438 0.021303 -0.140604 -0.066633 -0.166000 -0.188478 0.277695 0.077353 0.086126 -0.006181 0.039862 0.015262 -0.101250 -0.025358 -0.135000 -0.130754 1.223742 0.047758
0.091418 0.022628 0.066398 0.028352 0.007958 0.177377 0.004878 0.037157 0.028448 0.425333 -0.038826 0.027198 0.017033 0.023954 -0.036222 -0.001646 -0.044953 0.028639 0.047758 0.917084
