8.261213 4.868573 9.719711 6.181484 6.603092 7.750715 6.211856 8.502659 5.558176 7.041712 0.587946 0.107023 -0.126851 0.020650 0.025271 -0.353098 0.018555 -0.219888 0.102055 0.091418
4.868573 11.360651 11.464493 8.057725 8.495837 8.015129 10.178636 8.727010 8.846388 7.012269 0.147301 0.163890 -0.061563 0.002930 0.008735 -0.078893 -0.046638 -0.043349 -0.002943 0.022629
9.719711 11.464493 22.971084 15.037105 14.837938 11.937512 14.755808 16.500085 13.325838 12.035155 -0.090129 -0.064287 0.477258 -0.188145 -0.299479 0.098751 -0.046560 -0.192117 0.062439 0.066398
6.181484 8.057725 15.037105 13.388595 10.371823 7.731016 10.888714 10.929868 9.224910 8.056251 0.044991 0.005651 -0.174911 0.224069 0.004080 0.021268 -0.072813 0.011483 0.021303 0.028352
6.603092 8.495837 14.837938 10.371823 12.682154 8.816843 11.333827 11.145760 10.297782 8.782767 0.025568 0.005452 -0.298602 0.000182 0.453979 -0.051359 0.005868 0.104731 -0.140604 0.007959
7.750715 8.015129 11.937512 7.731016 8.816843 12.542420 9.786483 9.966365 8.490447 9.269566 -0.353946 -0.138331 0.055222 -0.003493 -0.043936 0.271062 -0.010219 -0.002698 -0.066633 0.177378
6.211856 10.178636 14.755808 10.888714 11.333827 9.786483 16.094048 11.021212 12.518116 9.409794 -0.001100 -0.048731 -0.038578 -0.066243 0.009592 -0.047461 0.241714 0.087255 -0.165999 0.004878
8.502659 8.727010 16.500085 10.929868 11.145760 9.966365 11.021212 16.186344 10.960878 9.518087 -0.147880 -0.044043 -0.201229 -0.010736 0.100430 0.101669 0.079839 0.281520 -0.188478 0.037158
5.558176 8.846388 13.325838 9.224910 10.297782 8.490447 12.518116 10.960878 13.966379 7.913310 0.143080 0.007263 0.077058 0.022105 -0.136787 -0.011828 -0.171650 -0.162782 0.277695 0.028448
7.041712 7.012269 12.035155 8.056251 8.782767 9.269566 9.409794 9.518087 7.913310 10.190510 -0.181595 0.029883 -0.022672 0.022383 -0.097549 -0.169861 -0.108296 0.014466 0.077353 0.425334
0.587946 0.147301 -0.090129 0.044991 0.025568 -0.353946 -0.001100 -0.147880 0.143080 -0.181595 1.437495 0.087905 -0.077149 0.021886 0.014929 -0.260553 0.011928 -0.134644 0.086126 -0.038826
0.107023 0.163890 -0.064287 0.005651 0.005452 -0.138331 -0.048731 -0.044043 0.007263 0.029883 0.087905 1.143384 -0.048526 -0.001066 0.000821 -0.081645 -0.041573 -0.033672 -0.006181 0.027198
-0.126851 -0.061563 0.477258 -0.174911 -0.298602 0.055222 -0.038578 -0.201229 0.077058 -0.022672 -0.077149 -0.048526 1.360758 -0.144007 -0.214258 0.050239 -0.030851 -0.149955 0.039862 0.017033
0.020650 0.002930 -0.188145 0.224069 0.000182 -0.003493 -0.066243 -0.010736 0.022105 0.022383 0.021886 -0.001066 -0.144007 1.192629 -0.009431 0.012249 -0.058435 -0.005311 0.015262 0.023954
0.025271 0.008735 -0.299479 0.004080 0.453979 -0.043936 0.009592 0.100430 -0.136787 -0.097549 0.014929 0.000821 -0.214258 -0.009431 1.358301 -0.033116 -0.004626 0.063556 -0.101250 -0.036222
-0.353098 -0.078893 0.098751 0.021268 -0.051359 0.271062 -0.047461 0.101669 -0.011828 -0.169861 -0.260553 -0.081645 0.050239 0.012249 -0.033116 1.208986 -0.025308 0.028425 -0.025358 -0.001646
0.018555 -0.046638 -0.046560 -0.072813 0.005868 -0.010219 0.241714 0.079839 -0.171650 -0.108296 0.011928 -0.041573 -0.030851 -0.058435 -0.004626 -0.025308 1.205215 0.060555 -0.135000 -0.044953
-0.219888 -0.043349 -0.192117 0.011483 0.104731 -0.002698 0.087255 0.281520 -0.162782 0.014466 -0.134644 -0.033672 -0.149955 -0.005311 0.063556 0.028425 0.060555 1.222603 -0.130754 0.028639
0.102055 -0.002943 0.062439 0.021303 -0.140604 -0.066633 -0.165999 -0.188478 0.277695 0.077353 0.086126 -0.006181 0.039862 0.015262 -0.101250 -0.025358 -0.135000 -0.130754 1.223742 0.047758
0.091418 0.022629 0.066398 0.028352 0.007959 0.177378 0.004878 0.037158 0.028448 0.425334 -0.038826 0.027198 0.017033 0.023954 -0.036222 -0.001646 -0.044953 0.028639 0.047758 0.917084
